0.98034554
-0.80843532
0.71009562
-0.90075888
1.3046402
-0.22463638
1.0924847
-1.6618805
-0.027762534
0.29897103
0.43577741
0.032297032
0.28746385
-0.62172501
-0.76671187
-0.3468049
-0.19115966
-0.59426446
0.47013399
0.233275
0.55103712
-0.57817492
-0.36738557
0.30837033
0.17686464
-0.98347065
-0.35461161
0.57370907
0.074829318
-0.33985996
0.55613573
0.57306226
-0.62821055
0.18954218
0.78918747
-0.79735747
-0.21008932
0.015885418
0.099494348
0.42663339
-0.59709618
-0.22386063
0.039807253
-0.59210492
-0.13223013
0.3374659
0.68797801
0.036551621
0.39498874
-0.58870282
0.55359193
0.32284507
0.43118316
-0.39249286
0.31522474
-0.47424951
-0.34491628
-0.5895795
0.1198512
0.04971286
-0.67116598
-0.9268627
0.075804992
-0.65859851
-0.29670491
-0.035355979
0.32357001
-0.13356018
0.17500408
-1.3040985
0.82554887
0.16507033
0.17670359
-0.33791016
0.54135851
-0.04077535
0.20509594
-0.29507904
0.21525229
0.4946564
0.44343861
0.082236497
0.006891383
-0.86114893
0.3609335
0.1911684
0.2242157
-0.13284595
0.83432358
-0.34372607
0.57535362
0.40161742
0.59907649
-0.048378515
0.64380734
0.36069146
0.47844039
-0.622461
0.54189114
0.69837572
0.74591332
0.28566258
0.67433826
-0.55845374
0.81592649
-0.69030463
-0.044506839
-0.63337796
0.68429155
0.66508825
0.91865602
0.34771913
-0.37339888
-0.53140575
-0.063962972
-0.059584911
-0.59716106
0.62238593
-0.18566089
-0.67627476
0.91440726
0.39913654
0.63176103
0.32977903
0.52391183
-1.1641815
0.81749285
-0.88921333
0.31687432
-0.04857228
0.7304344
-0.087177257
0.6553406
0.93453754
0.08813205
-0.1327456
-0.36162367
0.84194647
-0.13824105
-0.36263061
-0.13591972
0.31358835
-0.1803202
-0.20113294
0.19881217
0.014496543
0.89522735
0.28344906
0.097040452
-0.84325319
0.49833707
-0.26556772
0.42477586
-0.0057174836
0.57580952
-0.74533851
0.74525384
0.53226499
0.7273569
0.083720528
-0.65990835
-0.92195886
0.88333802
0.13619973
0.67419798
-0.44696162
-0.36948194
0.48516197
0.15257484
0.20054936
0.21656892
-1.1379501
0.18242889
-0.29970814
0.64743135
0.01466318
0.16213969
-0.3596875
-0.21632393
0.32985119
0.89470057
0.31093404
0.72617864
-0.24826863
0.9406074
0.40279602
0.49604497
0.32931753
0.37930742
0.090073385
0.32761294
-0.85773962
0.28885116
-0.63641259
-0.083825945
0.047792033
-0.0018258373
-1.1066839
0.2965731
-0.63516106
-0.32751994
-0.84404784
0.26646427
-0.5825501
0.14890588
0.065708027
0.16035151
0.21990498
-0.54213445
-0.83154811
1.1146347
-0.44131129
0.71733075
-0.38782968
0.5989345
0.069386171
0.73051079
-0.23177649
0.57372733
-0.75196633
0.36864425
-0.63702796
0.089618345
1.0122349
0.81015547
-0.72135301
0.62145395
-0.48392659
0.6477041
0.23173885
0.0093629291
-0.15176462
-0.55086421
-0.15910456
0.33225628
-0.12690801
0.5759276
0.016620538
-0.00042481131
-0.16470242
0.25287699
0.4486598
-0.34345305
1.1494713
0.72165768
-0.12825654
0.30635211
-0.099312364
0.5394186
0.5096719
0.3970044
0.17401181
1.1070707
-0.079602019
0.20412197
0.43825397
0.14710867
0.85870696
0.66026505
-0.24596075
0.76336962
0.19925688
0.90067763
0.94041859
0.49533338
0.21866414
-0.23490071
0.21866705
0.19419557
0.052789626
0.95326206
-0.45989374
-0.31087292
-0.18463277
-0.031737684
-0.12791705
0.23394043
-0.54463117
0.052235923
0.81561659
0.33825504
0.16174044
0.40322953
-0.11750346
0.94155973
-0.50639291
0.082131934
-0.24626958
0.43053014
-0.59496776
0.15995065
0.51286383
0.75619303
-0.26196854
0.83986983
-0.22462358
-0.2579474
-0.2039203
0.47948959
0.2208752
0.12034282
-0.56851151
1.593601
-1.0973175
0.50049879
-0.58359376
0.78397939
-0.16712232
0.34682365
